chstatus_max = {
	1500,	1500,	1500,	1500,	1500,	1500,	1500,	1500,	1500,	1500,	1500,	1500,	1500,	1500,	1500,	1500,	1500,	1500,	1500,	1500,
	1500,	1500,	1500,	1500,	1500,	1500,	1500,	1500,	1500,	1500,	1500,	1500,	1500,	1500,	1500,	1500,	1500,	1500,	1500,	1500,
	1500,	1500,	1500,	1500,	1500,	1500,	1500,	1500,	1500,	1500,	1500,	1500,	1500,	1500,	1500,	1500,	1500,	1500,	1500,	1500,
	1500,	1500,	1500,	1500,	1500,	1500,	1500,	1500,	1500,	1500,	1500,	1500,	1500,	1500,	1500,	1500,	1500,	1500,	1500,	1500,
	1500,	1500,	1500,	1500,	1500,	1500,	1500,	1500,	1500,	1500,	1500,	1500,	1500,	1500,	1500,	1500,	1500,	1500,	1500,	1500,
	1500,	1500,	1500,	1500,	1500,	1500,	1500,	1500,	1500,	1500,	1500,	1500,	1500,	1500,	1500,	1500,	1500,	1500,	1500,	1500,
	1500,	1500,	1500,	1500,	1500,	1500,	1500,	1500,	1500,	1500,	1500,	1500,	1500,	1500,	1500,	1500,	1500,	1500,	1500,	1500,
	1500,	1500,	1500,	1500,	1500,	1500,	1500,	1500,	1500,	1500,	1500,	1500,	1500,	1500,	1500,	1500,	1500,	1500,	1500,	1500,
	1500,	1500,	1500,	1500,	1500,	1500,	1500,	1500,	1500,	1500,	1500,	1500,	1500,	1500,	1500,	1500,	1500,	1500,	1500,	1500,
	1500,	1500,	1500,	1500,	1500,	1500,	1500,	1500,	1500,	1500,	1500,	1500,	1500,	1500,	1500,	1500,	1500,	1500,	1500,	1500,
	1500,	1500,	1500,	1500,	1500,	1500,	1500,	1500,	1500,	1500,	1500,	1500,	1500,	1500,	1500,	1500,	1500,	1500,	1500,	1500,
	1500,	1500,	1500,	1500,	1500,	1500,	1500,	1500,	1500,	1500,	1500,	1500,	1500,	1500,	1500,	1500,	1500,	1500,	1500,	1500,
	1500,	1500,
}
chstatus_min = {
	100,	100,	100,	100,	100,	100,	100,	100,	100,	100,	100,	100,	100,	100,	100,	100,	100,	100,	100,	100,
	100,	100,	100,	100,	100,	100,	100,	100,	100,	100,	100,	100,	100,	100,	100,	100,	100,	100,	100,	100,
	100,	100,	100,	100,	100,	100,	100,	100,	100,	100,	100,	100,	100,	100,	100,	100,	100,	100,	100,	100,
	100,	100,	100,	100,	100,	100,	100,	100,	100,	100,	100,	100,	100,	100,	100,	100,	100,	100,	100,	100,
	100,	100,	100,	100,	100,	100,	100,	100,	100,	100,	100,	100,	100,	100,	100,	100,	100,	100,	100,	100,
	100,	100,	100,	100,	100,	100,	100,	100,	100,	100,	100,	100,	100,	100,	100,	100,	100,	100,	100,	100,
	100,	100,	100,	100,	100,	100,	100,	100,	100,	100,	100,	100,	100,	100,	100,	100,	100,	100,	100,	100,
	100,	100,	100,	100,	100,	100,	100,	100,	100,	100,	100,	100,	100,	100,	100,	100,	100,	100,	100,	100,
	100,	100,	100,	100,	100,	100,	100,	100,	100,	100,	100,	100,	100,	100,	100,	100,	100,	100,	100,	100,
	100,	100,	100,	100,	100,	100,	100,	100,	100,	100,	100,	100,	100,	100,	100,	100,	100,	100,	100,	100,
	100,	100,	100,	100,	100,	100,	100,	100,	100,	100,	100,	100,	100,	100,	100,	100,	100,	100,	100,	100,
	100,	100,	100,	100,	100,	100,	100,	100,	100,	100,	100,	100,	100,	100,	100,	100,	100,	100,	100,	100,
	100,	100,
}
raw_data_max = {
	2500,	2500,	2500,	2500,	2500,	2500,	2500,	2500,	2500,	2500,	2500,	2500,	2500,	2500,	2500,	2500,	2500,	2500,	2500,	2500,
	2500,	2500,	2500,	2500,	2500,	2500,	2500,	2500,	2500,	2500,	2500,	2500,	2500,	2500,	2500,	2500,	2500,	2500,	2500,	2500,
	2500,	2500,	2500,	2500,	2500,	2500,	2500,	2500,	2500,	2500,	2500,	2500,	2500,	2500,	2500,	2500,	2500,	2500,	2500,	2500,
	2500,	2500,	2500,	2500,	2500,	2500,	2500,	2500,	2500,	2500,	2500,	2500,	2500,	2500,	2500,	2500,	2500,	2500,	2500,	2500,
	2500,	2500,	2500,	2500,	2500,	2500,	2500,	2500,	2500,	2500,	2500,	2500,	2500,	2500,	2500,	2500,	2500,	2500,	2500,	2500,
	2500,	2500,	2500,	2500,	2500,	2500,	2500,	2500,	2500,	2500,	2500,	2500,	2500,	2500,	2500,	2500,	2500,	2500,	2500,	2500,
	2500,	2500,	2500,	2500,	2500,	2500,	2500,	2500,	2500,	2500,	2500,	2500,	2500,	2500,	2500,	2500,	2500,	2500,	2500,	2500,
	2500,	2500,	2500,	2500,	2500,	2500,	2500,	2500,	2500,	2500,	2500,	2500,	2500,	2500,	2500,	2500,	2500,	2500,	2500,	2500,
	2500,	2500,	2500,	2500,	2500,	2500,	2500,	2500,	2500,	2500,	2500,	2500,	2500,	2500,	2500,	2500,	2500,	2500,	2500,	2500,
	2500,	2500,	2500,	2500,	2500,	2500,	2500,	2500,	2500,	2500,	2500,	2500,	2500,	2500,	2500,	2500,	2500,	2500,	2500,	2500,
	2500,	2500,	2500,	2500,	2500,	2500,	2500,	2500,	2500,	2500,	2500,	2500,	2500,	2500,	2500,	2500,	2500,	2500,	2500,	2500,
	2500,	2500,	2500,	2500,	2500,	2500,	2500,	2500,	2500,	2500,	2500,	2500,	2500,	2500,	2500,	2500,	2500,	2500,	2500,	2500,
	2500,	2500,
}
raw_data_min = {
	100,	100,	100,	100,	100,	100,	100,	100,	100,	100,	100,	100,	100,	100,	100,	100,	100,	100,	100,	100,
	100,	100,	100,	100,	100,	100,	100,	100,	100,	100,	100,	100,	100,	100,	100,	100,	100,	100,	100,	100,
	100,	100,	100,	100,	100,	100,	100,	100,	100,	100,	100,	100,	100,	100,	100,	100,	100,	100,	100,	100,
	100,	100,	100,	100,	100,	100,	100,	100,	100,	100,	100,	100,	100,	100,	100,	100,	100,	100,	100,	100,
	100,	100,	100,	100,	100,	100,	100,	100,	100,	100,	100,	100,	100,	100,	100,	100,	100,	100,	100,	100,
	100,	100,	100,	100,	100,	100,	100,	100,	100,	100,	100,	100,	100,	100,	100,	100,	100,	100,	100,	100,
	100,	100,	100,	100,	100,	100,	100,	100,	100,	100,	100,	100,	100,	100,	100,	100,	100,	100,	100,	100,
	100,	100,	100,	100,	100,	100,	100,	100,	100,	100,	100,	100,	100,	100,	100,	100,	100,	100,	100,	100,
	100,	100,	100,	100,	100,	100,	100,	100,	100,	100,	100,	100,	100,	100,	100,	100,	100,	100,	100,	100,
	100,	100,	100,	100,	100,	100,	100,	100,	100,	100,	100,	100,	100,	100,	100,	100,	100,	100,	100,	100,
	100,	100,	100,	100,	100,	100,	100,	100,	100,	100,	100,	100,	100,	100,	100,	100,	100,	100,	100,	100,
	100,	100,	100,	100,	100,	100,	100,	100,	100,	100,	100,	100,	100,	100,	100,	100,	100,	100,	100,	100,
	100,	100,
}

jitter_upper_limit = 10
jitter_low_limit = -10
